$ANSIBLE_VAULT;1.1;AES256
32303661653932626434663833616330643636306635383336363737396263333661633737623530
3639623964313738653639326433326532353739366161390a393039623236303732663566363766
31326135323864613562643430353165643666623664623837396135323462643939393332663130
3933326565343335380a613830376133363562336231653661353562323930323133346238393134
30336532396466343937656131326362363537336563383439383334323964376432633936363331
37363837613630343233666237623131633633303038653237373663643432383934356238663562
39636133613631633165353935623538326537353936643162373337316663393263643231396233
33613831663237376631306334396464643964386135616162393861396533393866346435363766
34346336643438356139613739373833663163666338356661616363613232346165613438613664
65653533366434383034366531656635626263333566616636383534313232353438363938326534
30346334333864373362333462623938316130383439346364333436366439303033646536343265
38323764646435343566653563663965396134633431323739326464653865613763323866336439
31333462383562636262623835376634313239343236356133306362383266343461656366613262
33353762383463663632316531646236646439306433323137363661623135663530303334663064
31353539656235626662313966663831313561393533386530396266663062373732623036393765
39313037393139313838363530376433613464643030356232323366383136353238343465646239
62303564326239666537626337326635373633376261623539363962376639343265313162323165
61356332633165613831303238653236636166326365356464333961376162396538623662343162
37646466623831363663656461376132653938646230653235396665326434333536396439343638
62636537383261363137356163626136306631303637643230303934396439626639343837393535
37666331313639613635326362373165623436643036353731653731353535613832333339383662
32633862306363343665613262353139316331316133396234633837323934396161656431653330
613962323038373165316266396633633061
